{
 "metadata": {
  "language_info": {
   "codemirror_mode": {
    "name": "ipython",
    "version": 3
   },
   "file_extension": ".py",
   "mimetype": "text/x-python",
   "name": "python",
   "nbconvert_exporter": "python",
   "pygments_lexer": "ipython3",
   "version": "3.9.2"
  },
  "orig_nbformat": 2,
  "kernelspec": {
   "name": "python392jvsc74a57bd0f1b8aea7277b061024ce78d0366b16218e411aad22af024bb789fe805868a5e7",
   "display_name": "Python 3.9.2 64-bit"
  },
  "metadata": {
   "interpreter": {
    "hash": "f1b8aea7277b061024ce78d0366b16218e411aad22af024bb789fe805868a5e7"
   }
  }
 },
 "nbformat": 4,
 "nbformat_minor": 2,
 "cells": [
  {
   "cell_type": "code",
   "execution_count": 1,
   "metadata": {},
   "outputs": [],
   "source": [
    "# since there might be some random process going on so fix them\n",
    "seed = 42"
   ]
  },
  {
   "source": [
    "## Importing and re-formating data\n",
    "\n",
    "First, we need to import the data we have obtained.  \n",
    "1. match or battle log data: `{p1 pokemon, p2 pokemon, did p1 win?, URL}`  \n",
    "2. base stats of each pokemon: `{'Id', 'Name', 'Type(s)', 'TotalBS', 'HP', 'Attack', 'Defense', 'Special Attack', 'Special Defense', 'Speed'}`  \n",
    "\n",
    "<mark>TODO: should pl pokemon be the pokemon which moves first in the match? it is very ambiguous to have pl pokemon just picked by system randomly.</mark>  \n",
    "randonly picked could be better, if p1 always move first then there will be an implicit variable"
   ],
   "cell_type": "markdown",
   "metadata": {}
  },
  {
   "cell_type": "code",
   "execution_count": 2,
   "metadata": {},
   "outputs": [
    {
     "output_type": "stream",
     "name": "stdout",
     "text": [
      "{'pokemon1': 'arcanine', 'pokemon2': 'sharpedo', 'pokemon1 wins': 1, 'url': 'https://replay.pokemonshowdown.com/destiny-challengecup1v1-550920.log'}\n{'Id': 3, 'Name': 'Mega Venusaur', 'Type(s)': ['GRASS', 'POISON'], 'TotalBS': '625', 'HP': '80', 'Attack': '100', 'Defense': '123', 'Special Attack': '122', 'Special Defense': '120', 'Speed': '80'}\n"
     ]
    }
   ],
   "source": [
    "import json\n",
    "\n",
    "# 1. match or battle log data\n",
    "with open('./data/match_ok.json', 'r') as f:\n",
    "    matches = json.load(f)\n",
    "# 2. base stats of each pokemon\n",
    "with open('./data/baseStats.json', 'r') as f:\n",
    "    baseStats = json.load(f)\n",
    "\n",
    "# to see how they look like\n",
    "print(matches[3])\n",
    "print(baseStats[3])"
   ]
  },
  {
   "source": [
    "\n",
    "Then we need to construct the features and labels from these 2 databases,  \n",
    "into a format looks like: `{'p1HP' ,'p1ATK' ,'p1DEF' ,'p1SpATK' ,'p1SpDEF' ,'p1SPD' ,'p2HP' ,'p2ATK' ,'p2DEF' ,'p2SpATK' ,'p2SpDEF' ,'p2SPD' ,'p1wins'}`"
   ],
   "cell_type": "markdown",
   "metadata": {}
  },
  {
   "cell_type": "code",
   "execution_count": 3,
   "metadata": {
    "tags": []
   },
   "outputs": [
    {
     "output_type": "stream",
     "name": "stdout",
     "text": [
      "8895/8895 done\n",
      "8475 rows of data can be proceeded, \n",
      "420 rows of data went missing\n"
     ]
    }
   ],
   "source": [
    "data = []\n",
    "nameNotFound = []\n",
    "N = len(matches)\n",
    "for idx, match in enumerate(matches):  # from each match\n",
    "    # extracting battle info of each match\n",
    "    p1_pokemon = match['pokemon1']\n",
    "    p2_pokemon = match['pokemon2']\n",
    "    p1_wins = match['pokemon1 wins']\n",
    "    # searching for the baseStats given the names of pokemons \n",
    "    info = [i for i in baseStats if p1_pokemon == i['Name'].lower() or p2_pokemon == i['Name'].lower()]  # this give [dict{p1 pokemon}, dict{p2 pokemon}]\n",
    "    # creating new row format\n",
    "    if len(info) == 2:  # for some reason some of the match contains pokemons that can't be found\n",
    "        row = {\n",
    "            'p1HP': int(info[0]['HP']),\n",
    "            'p1ATK' : int(info[0]['Attack']),\n",
    "            'p1DEF' : int(info[0]['Defense']),\n",
    "            'p1SpATK' : int(info[0]['Special Attack']),\n",
    "            'p1SpDEF' : int(info[0]['Special Defense']),\n",
    "            'p1SPD' : int(info[0]['Speed']),\n",
    "            'p2HP' : int(info[1]['HP']),\n",
    "            'p2ATK' : int(info[1]['Attack']),\n",
    "            'p2DEF' : int(info[1]['Defense']),\n",
    "            'p2SpATK' : int(info[1]['Special Attack']),\n",
    "            'p2SpDEF' : int(info[1]['Special Defense']),\n",
    "            'p2SPD' : int(info[1]['Speed']),\n",
    "            'p1wins': p1_wins\n",
    "            }   \n",
    "        data.append(row)  # store in a list\n",
    "    else: \n",
    "        case = {'match index': idx, 'pokemon1': p1_pokemon, 'pokemon2': p2_pokemon, 'URL': match['url']}\n",
    "        nameNotFound.append(case)\n",
    "    print(f'{idx+1}/{N} done', end=\"\\r\")\n",
    "\n",
    "print(f'\\n{len(data)} rows of data can be proceeded, \\n{len(nameNotFound)} rows of data went missing')"
   ]
  },
  {
   "source": [
    "Seems like the problem of missing data is due to p1_pokemon is the same as p2_pokemon.  \n",
    "<mark>TODO: are repeated pokemons bad data?</mark>  \n",
    "include them"
   ],
   "cell_type": "markdown",
   "metadata": {}
  },
  {
   "source": [
    "Convert them into pandas DataFrame for better visualistion and statistics summaries.  "
   ],
   "cell_type": "markdown",
   "metadata": {}
  },
  {
   "cell_type": "code",
   "execution_count": 4,
   "metadata": {},
   "outputs": [
    {
     "output_type": "execute_result",
     "data": {
      "text/plain": [
       "   p1HP  p1ATK  p1DEF  p1SpATK  p1SpDEF  p1SPD  p2HP  p2ATK  p2DEF  p2SpATK  \\\n",
       "0    50     75     75       65       65     50   100    150    120      120   \n",
       "1    85     73     70       73      115     67    80     80     90      110   \n",
       "2    66     41     77       61       87     23   100    120    100      150   \n",
       "3    90    110     80      100       80     95    70    120     40       95   \n",
       "4   115    140    130       55       55     40    85     50     95      120   \n",
       "\n",
       "   p2SpDEF  p2SPD  p1wins  \n",
       "0      100     90       1  \n",
       "1      130    110       1  \n",
       "2      120     90       0  \n",
       "3       40     95       1  \n",
       "4      115     80       0  "
      ],
      "text/html": "<div>\n<style scoped>\n    .dataframe tbody tr th:only-of-type {\n        vertical-align: middle;\n    }\n\n    .dataframe tbody tr th {\n        vertical-align: top;\n    }\n\n    .dataframe thead th {\n        text-align: right;\n    }\n</style>\n<table border=\"1\" class=\"dataframe\">\n  <thead>\n    <tr style=\"text-align: right;\">\n      <th></th>\n      <th>p1HP</th>\n      <th>p1ATK</th>\n      <th>p1DEF</th>\n      <th>p1SpATK</th>\n      <th>p1SpDEF</th>\n      <th>p1SPD</th>\n      <th>p2HP</th>\n      <th>p2ATK</th>\n      <th>p2DEF</th>\n      <th>p2SpATK</th>\n      <th>p2SpDEF</th>\n      <th>p2SPD</th>\n      <th>p1wins</th>\n    </tr>\n  </thead>\n  <tbody>\n    <tr>\n      <th>0</th>\n      <td>50</td>\n      <td>75</td>\n      <td>75</td>\n      <td>65</td>\n      <td>65</td>\n      <td>50</td>\n      <td>100</td>\n      <td>150</td>\n      <td>120</td>\n      <td>120</td>\n      <td>100</td>\n      <td>90</td>\n      <td>1</td>\n    </tr>\n    <tr>\n      <th>1</th>\n      <td>85</td>\n      <td>73</td>\n      <td>70</td>\n      <td>73</td>\n      <td>115</td>\n      <td>67</td>\n      <td>80</td>\n      <td>80</td>\n      <td>90</td>\n      <td>110</td>\n      <td>130</td>\n      <td>110</td>\n      <td>1</td>\n    </tr>\n    <tr>\n      <th>2</th>\n      <td>66</td>\n      <td>41</td>\n      <td>77</td>\n      <td>61</td>\n      <td>87</td>\n      <td>23</td>\n      <td>100</td>\n      <td>120</td>\n      <td>100</td>\n      <td>150</td>\n      <td>120</td>\n      <td>90</td>\n      <td>0</td>\n    </tr>\n    <tr>\n      <th>3</th>\n      <td>90</td>\n      <td>110</td>\n      <td>80</td>\n      <td>100</td>\n      <td>80</td>\n      <td>95</td>\n      <td>70</td>\n      <td>120</td>\n      <td>40</td>\n      <td>95</td>\n      <td>40</td>\n      <td>95</td>\n      <td>1</td>\n    </tr>\n    <tr>\n      <th>4</th>\n      <td>115</td>\n      <td>140</td>\n      <td>130</td>\n      <td>55</td>\n      <td>55</td>\n      <td>40</td>\n      <td>85</td>\n      <td>50</td>\n      <td>95</td>\n      <td>120</td>\n      <td>115</td>\n      <td>80</td>\n      <td>0</td>\n    </tr>\n  </tbody>\n</table>\n</div>"
     },
     "metadata": {},
     "execution_count": 4
    }
   ],
   "source": [
    "import pandas as pd\n",
    "import numpy as np\n",
    "\n",
    "df = pd.DataFrame(data)\n",
    "df.head()"
   ]
  },
  {
   "cell_type": "code",
   "execution_count": 5,
   "metadata": {},
   "outputs": [
    {
     "output_type": "stream",
     "name": "stdout",
     "text": [
      "<class 'pandas.core.frame.DataFrame'>\nRangeIndex: 8475 entries, 0 to 8474\nData columns (total 13 columns):\n #   Column   Non-Null Count  Dtype\n---  ------   --------------  -----\n 0   p1HP     8475 non-null   int64\n 1   p1ATK    8475 non-null   int64\n 2   p1DEF    8475 non-null   int64\n 3   p1SpATK  8475 non-null   int64\n 4   p1SpDEF  8475 non-null   int64\n 5   p1SPD    8475 non-null   int64\n 6   p2HP     8475 non-null   int64\n 7   p2ATK    8475 non-null   int64\n 8   p2DEF    8475 non-null   int64\n 9   p2SpATK  8475 non-null   int64\n 10  p2SpDEF  8475 non-null   int64\n 11  p2SPD    8475 non-null   int64\n 12  p1wins   8475 non-null   int64\ndtypes: int64(13)\nmemory usage: 860.9 KB\n"
     ]
    }
   ],
   "source": [
    "df.info()"
   ]
  },
  {
   "cell_type": "code",
   "execution_count": 6,
   "metadata": {},
   "outputs": [
    {
     "output_type": "execute_result",
     "data": {
      "text/plain": [
       "              p1HP        p1ATK        p1DEF      p1SpATK      p1SpDEF  \\\n",
       "count  8475.000000  8475.000000  8475.000000  8475.000000  8475.000000   \n",
       "mean     82.725074    91.734041    84.913628    86.044956    85.775457   \n",
       "std      29.844925    29.647326    28.294264    29.296954    22.656316   \n",
       "min       1.000000     5.000000     5.000000    10.000000    20.000000   \n",
       "25%      65.000000    72.000000    70.000000    60.000000    75.000000   \n",
       "50%      80.000000    90.000000    83.000000    95.000000    85.000000   \n",
       "75%      95.000000   115.000000   100.000000   109.000000   100.000000   \n",
       "max     255.000000   181.000000   230.000000   173.000000   230.000000   \n",
       "\n",
       "             p1SPD         p2HP        p2ATK        p2DEF      p2SpATK  \\\n",
       "count  8475.000000  8475.000000  8475.000000  8475.000000  8475.000000   \n",
       "mean     78.676224    83.767788    98.152330    89.796814    89.126136   \n",
       "std      26.470136    26.374245    30.915781    28.455747    29.616206   \n",
       "min       5.000000     1.000000     5.000000     5.000000    10.000000   \n",
       "25%      60.000000    70.000000    75.000000    70.000000    63.000000   \n",
       "50%      80.000000    80.000000   100.000000    90.000000    95.000000   \n",
       "75%     100.000000    97.000000   120.000000   100.000000   110.000000   \n",
       "max     200.000000   255.000000   181.000000   230.000000   173.000000   \n",
       "\n",
       "           p2SpDEF        p2SPD       p1wins  \n",
       "count  8475.000000  8475.000000  8475.000000  \n",
       "mean     87.443894    81.631150     0.515280  \n",
       "std      26.053244    28.020722     0.499796  \n",
       "min      20.000000     5.000000     0.000000  \n",
       "25%      71.000000    60.000000     0.000000  \n",
       "50%      90.000000    85.000000     1.000000  \n",
       "75%     100.000000   100.000000     1.000000  \n",
       "max     230.000000   200.000000     1.000000  "
      ],
      "text/html": "<div>\n<style scoped>\n    .dataframe tbody tr th:only-of-type {\n        vertical-align: middle;\n    }\n\n    .dataframe tbody tr th {\n        vertical-align: top;\n    }\n\n    .dataframe thead th {\n        text-align: right;\n    }\n</style>\n<table border=\"1\" class=\"dataframe\">\n  <thead>\n    <tr style=\"text-align: right;\">\n      <th></th>\n      <th>p1HP</th>\n      <th>p1ATK</th>\n      <th>p1DEF</th>\n      <th>p1SpATK</th>\n      <th>p1SpDEF</th>\n      <th>p1SPD</th>\n      <th>p2HP</th>\n      <th>p2ATK</th>\n      <th>p2DEF</th>\n      <th>p2SpATK</th>\n      <th>p2SpDEF</th>\n      <th>p2SPD</th>\n      <th>p1wins</th>\n    </tr>\n  </thead>\n  <tbody>\n    <tr>\n      <th>count</th>\n      <td>8475.000000</td>\n      <td>8475.000000</td>\n      <td>8475.000000</td>\n      <td>8475.000000</td>\n      <td>8475.000000</td>\n      <td>8475.000000</td>\n      <td>8475.000000</td>\n      <td>8475.000000</td>\n      <td>8475.000000</td>\n      <td>8475.000000</td>\n      <td>8475.000000</td>\n      <td>8475.000000</td>\n      <td>8475.000000</td>\n    </tr>\n    <tr>\n      <th>mean</th>\n      <td>82.725074</td>\n      <td>91.734041</td>\n      <td>84.913628</td>\n      <td>86.044956</td>\n      <td>85.775457</td>\n      <td>78.676224</td>\n      <td>83.767788</td>\n      <td>98.152330</td>\n      <td>89.796814</td>\n      <td>89.126136</td>\n      <td>87.443894</td>\n      <td>81.631150</td>\n      <td>0.515280</td>\n    </tr>\n    <tr>\n      <th>std</th>\n      <td>29.844925</td>\n      <td>29.647326</td>\n      <td>28.294264</td>\n      <td>29.296954</td>\n      <td>22.656316</td>\n      <td>26.470136</td>\n      <td>26.374245</td>\n      <td>30.915781</td>\n      <td>28.455747</td>\n      <td>29.616206</td>\n      <td>26.053244</td>\n      <td>28.020722</td>\n      <td>0.499796</td>\n    </tr>\n    <tr>\n      <th>min</th>\n      <td>1.000000</td>\n      <td>5.000000</td>\n      <td>5.000000</td>\n      <td>10.000000</td>\n      <td>20.000000</td>\n      <td>5.000000</td>\n      <td>1.000000</td>\n      <td>5.000000</td>\n      <td>5.000000</td>\n      <td>10.000000</td>\n      <td>20.000000</td>\n      <td>5.000000</td>\n      <td>0.000000</td>\n    </tr>\n    <tr>\n      <th>25%</th>\n      <td>65.000000</td>\n      <td>72.000000</td>\n      <td>70.000000</td>\n      <td>60.000000</td>\n      <td>75.000000</td>\n      <td>60.000000</td>\n      <td>70.000000</td>\n      <td>75.000000</td>\n      <td>70.000000</td>\n      <td>63.000000</td>\n      <td>71.000000</td>\n      <td>60.000000</td>\n      <td>0.000000</td>\n    </tr>\n    <tr>\n      <th>50%</th>\n      <td>80.000000</td>\n      <td>90.000000</td>\n      <td>83.000000</td>\n      <td>95.000000</td>\n      <td>85.000000</td>\n      <td>80.000000</td>\n      <td>80.000000</td>\n      <td>100.000000</td>\n      <td>90.000000</td>\n      <td>95.000000</td>\n      <td>90.000000</td>\n      <td>85.000000</td>\n      <td>1.000000</td>\n    </tr>\n    <tr>\n      <th>75%</th>\n      <td>95.000000</td>\n      <td>115.000000</td>\n      <td>100.000000</td>\n      <td>109.000000</td>\n      <td>100.000000</td>\n      <td>100.000000</td>\n      <td>97.000000</td>\n      <td>120.000000</td>\n      <td>100.000000</td>\n      <td>110.000000</td>\n      <td>100.000000</td>\n      <td>100.000000</td>\n      <td>1.000000</td>\n    </tr>\n    <tr>\n      <th>max</th>\n      <td>255.000000</td>\n      <td>181.000000</td>\n      <td>230.000000</td>\n      <td>173.000000</td>\n      <td>230.000000</td>\n      <td>200.000000</td>\n      <td>255.000000</td>\n      <td>181.000000</td>\n      <td>230.000000</td>\n      <td>173.000000</td>\n      <td>230.000000</td>\n      <td>200.000000</td>\n      <td>1.000000</td>\n    </tr>\n  </tbody>\n</table>\n</div>"
     },
     "metadata": {},
     "execution_count": 6
    }
   ],
   "source": [
    "df.describe()"
   ]
  },
  {
   "source": [
    "done\n",
    "___"
   ],
   "cell_type": "markdown",
   "metadata": {}
  },
  {
   "source": [
    "## Statistics explanations \n",
    "\n"
   ],
   "cell_type": "markdown",
   "metadata": {}
  },
  {
   "cell_type": "code",
   "execution_count": 71,
   "metadata": {},
   "outputs": [
    {
     "output_type": "execute_result",
     "data": {
      "text/plain": [
       "      p1HP  p1ATK  p1DEF  p1SpATK  p1SpDEF  p1SPD  p2HP  p2ATK  p2DEF  \\\n",
       "0       50     75     75       65       65     50   100    150    120   \n",
       "1       85     73     70       73      115     67    80     80     90   \n",
       "2       66     41     77       61       87     23   100    120    100   \n",
       "3       90    110     80      100       80     95    70    120     40   \n",
       "4      115    140    130       55       55     40    85     50     95   \n",
       "...    ...    ...    ...      ...      ...    ...   ...    ...    ...   \n",
       "8466   250      5      5       35      105     50    75    100     95   \n",
       "8467   105    130    120       45       45     40   250      5      5   \n",
       "8468    90     95     95       70       90     70   250      5      5   \n",
       "8469    95     75    110      100       80     30   250      5      5   \n",
       "8473    55     50     45      135       95    120    40     45     65   \n",
       "\n",
       "      p2SpATK  p2SpDEF  p2SPD  p1wins  p1ATKp2DEF  p2ATKp1DEF  p1SpATKp2SpDEF  \\\n",
       "0         120      100     90       1         -45          75             -35   \n",
       "1         110      130    110       1         -17          10             -57   \n",
       "2         150      120     90       0         -59          43             -59   \n",
       "3          95       40     95       1          70          40              60   \n",
       "4         120      115     80       0          45         -80             -60   \n",
       "...       ...      ...    ...     ...         ...         ...             ...   \n",
       "8466       40       70    110       0         -90          95             -35   \n",
       "8467       35      105     50       1         125        -115             -60   \n",
       "8468       35      105     50       1          90         -90             -35   \n",
       "8469       35      105     50       0          70        -105              -5   \n",
       "8473      100      120     90       0         -15           0              15   \n",
       "\n",
       "      p2SpATKp1SpDEF  \n",
       "0                 55  \n",
       "1                 -5  \n",
       "2                 63  \n",
       "3                 15  \n",
       "4                 65  \n",
       "...              ...  \n",
       "8466             -65  \n",
       "8467             -10  \n",
       "8468             -55  \n",
       "8469             -45  \n",
       "8473               5  \n",
       "\n",
       "[6106 rows x 17 columns]"
      ],
      "text/html": "<div>\n<style scoped>\n    .dataframe tbody tr th:only-of-type {\n        vertical-align: middle;\n    }\n\n    .dataframe tbody tr th {\n        vertical-align: top;\n    }\n\n    .dataframe thead th {\n        text-align: right;\n    }\n</style>\n<table border=\"1\" class=\"dataframe\">\n  <thead>\n    <tr style=\"text-align: right;\">\n      <th></th>\n      <th>p1HP</th>\n      <th>p1ATK</th>\n      <th>p1DEF</th>\n      <th>p1SpATK</th>\n      <th>p1SpDEF</th>\n      <th>p1SPD</th>\n      <th>p2HP</th>\n      <th>p2ATK</th>\n      <th>p2DEF</th>\n      <th>p2SpATK</th>\n      <th>p2SpDEF</th>\n      <th>p2SPD</th>\n      <th>p1wins</th>\n      <th>p1ATKp2DEF</th>\n      <th>p2ATKp1DEF</th>\n      <th>p1SpATKp2SpDEF</th>\n      <th>p2SpATKp1SpDEF</th>\n    </tr>\n  </thead>\n  <tbody>\n    <tr>\n      <th>0</th>\n      <td>50</td>\n      <td>75</td>\n      <td>75</td>\n      <td>65</td>\n      <td>65</td>\n      <td>50</td>\n      <td>100</td>\n      <td>150</td>\n      <td>120</td>\n      <td>120</td>\n      <td>100</td>\n      <td>90</td>\n      <td>1</td>\n      <td>-45</td>\n      <td>75</td>\n      <td>-35</td>\n      <td>55</td>\n    </tr>\n    <tr>\n      <th>1</th>\n      <td>85</td>\n      <td>73</td>\n      <td>70</td>\n      <td>73</td>\n      <td>115</td>\n      <td>67</td>\n      <td>80</td>\n      <td>80</td>\n      <td>90</td>\n      <td>110</td>\n      <td>130</td>\n      <td>110</td>\n      <td>1</td>\n      <td>-17</td>\n      <td>10</td>\n      <td>-57</td>\n      <td>-5</td>\n    </tr>\n    <tr>\n      <th>2</th>\n      <td>66</td>\n      <td>41</td>\n      <td>77</td>\n      <td>61</td>\n      <td>87</td>\n      <td>23</td>\n      <td>100</td>\n      <td>120</td>\n      <td>100</td>\n      <td>150</td>\n      <td>120</td>\n      <td>90</td>\n      <td>0</td>\n      <td>-59</td>\n      <td>43</td>\n      <td>-59</td>\n      <td>63</td>\n    </tr>\n    <tr>\n      <th>3</th>\n      <td>90</td>\n      <td>110</td>\n      <td>80</td>\n      <td>100</td>\n      <td>80</td>\n      <td>95</td>\n      <td>70</td>\n      <td>120</td>\n      <td>40</td>\n      <td>95</td>\n      <td>40</td>\n      <td>95</td>\n      <td>1</td>\n      <td>70</td>\n      <td>40</td>\n      <td>60</td>\n      <td>15</td>\n    </tr>\n    <tr>\n      <th>4</th>\n      <td>115</td>\n      <td>140</td>\n      <td>130</td>\n      <td>55</td>\n      <td>55</td>\n      <td>40</td>\n      <td>85</td>\n      <td>50</td>\n      <td>95</td>\n      <td>120</td>\n      <td>115</td>\n      <td>80</td>\n      <td>0</td>\n      <td>45</td>\n      <td>-80</td>\n      <td>-60</td>\n      <td>65</td>\n    </tr>\n    <tr>\n      <th>...</th>\n      <td>...</td>\n      <td>...</td>\n      <td>...</td>\n      <td>...</td>\n      <td>...</td>\n      <td>...</td>\n      <td>...</td>\n      <td>...</td>\n      <td>...</td>\n      <td>...</td>\n      <td>...</td>\n      <td>...</td>\n      <td>...</td>\n      <td>...</td>\n      <td>...</td>\n      <td>...</td>\n      <td>...</td>\n    </tr>\n    <tr>\n      <th>8466</th>\n      <td>250</td>\n      <td>5</td>\n      <td>5</td>\n      <td>35</td>\n      <td>105</td>\n      <td>50</td>\n      <td>75</td>\n      <td>100</td>\n      <td>95</td>\n      <td>40</td>\n      <td>70</td>\n      <td>110</td>\n      <td>0</td>\n      <td>-90</td>\n      <td>95</td>\n      <td>-35</td>\n      <td>-65</td>\n    </tr>\n    <tr>\n      <th>8467</th>\n      <td>105</td>\n      <td>130</td>\n      <td>120</td>\n      <td>45</td>\n      <td>45</td>\n      <td>40</td>\n      <td>250</td>\n      <td>5</td>\n      <td>5</td>\n      <td>35</td>\n      <td>105</td>\n      <td>50</td>\n      <td>1</td>\n      <td>125</td>\n      <td>-115</td>\n      <td>-60</td>\n      <td>-10</td>\n    </tr>\n    <tr>\n      <th>8468</th>\n      <td>90</td>\n      <td>95</td>\n      <td>95</td>\n      <td>70</td>\n      <td>90</td>\n      <td>70</td>\n      <td>250</td>\n      <td>5</td>\n      <td>5</td>\n      <td>35</td>\n      <td>105</td>\n      <td>50</td>\n      <td>1</td>\n      <td>90</td>\n      <td>-90</td>\n      <td>-35</td>\n      <td>-55</td>\n    </tr>\n    <tr>\n      <th>8469</th>\n      <td>95</td>\n      <td>75</td>\n      <td>110</td>\n      <td>100</td>\n      <td>80</td>\n      <td>30</td>\n      <td>250</td>\n      <td>5</td>\n      <td>5</td>\n      <td>35</td>\n      <td>105</td>\n      <td>50</td>\n      <td>0</td>\n      <td>70</td>\n      <td>-105</td>\n      <td>-5</td>\n      <td>-45</td>\n    </tr>\n    <tr>\n      <th>8473</th>\n      <td>55</td>\n      <td>50</td>\n      <td>45</td>\n      <td>135</td>\n      <td>95</td>\n      <td>120</td>\n      <td>40</td>\n      <td>45</td>\n      <td>65</td>\n      <td>100</td>\n      <td>120</td>\n      <td>90</td>\n      <td>0</td>\n      <td>-15</td>\n      <td>0</td>\n      <td>15</td>\n      <td>5</td>\n    </tr>\n  </tbody>\n</table>\n<p>6106 rows × 17 columns</p>\n</div>"
     },
     "metadata": {},
     "execution_count": 71
    }
   ],
   "source": [
    "df['p1ATKp2DEF'] = df['p1ATK'] - df['p2DEF']\n",
    "df['p2ATKp1DEF'] = df['p2ATK'] - df['p1DEF']\n",
    "\n",
    "df['p1SpATKp2SpDEF'] = df['p1SpATK'] - df['p2SpDEF']\n",
    "df['p2SpATKp1SpDEF'] = df['p2SpATK'] - df['p1SpDEF']\n",
    "\n",
    "df"
   ]
  },
  {
   "cell_type": "code",
   "execution_count": 90,
   "metadata": {},
   "outputs": [
    {
     "output_type": "execute_result",
     "data": {
      "text/plain": [
       "                    p1HP     p1ATK     p1DEF   p1SpATK   p1SpDEF     p1SPD  \\\n",
       "p1HP            1.000000  0.103708 -0.112607  0.048155  0.293467 -0.097221   \n",
       "p1ATK           0.103708  1.000000  0.348393  0.006094 -0.071631  0.112933   \n",
       "p1DEF          -0.112607  0.348393  1.000000 -0.041884  0.237931 -0.231661   \n",
       "p1SpATK         0.048155  0.006094 -0.041884  1.000000  0.294140  0.437526   \n",
       "p1SpDEF         0.293467 -0.071631  0.237931  0.294140  1.000000  0.085800   \n",
       "p1SPD          -0.097221  0.112933 -0.231661  0.437526  0.085800  1.000000   \n",
       "p2HP            0.061307  0.034099  0.046848  0.043617  0.060218  0.033781   \n",
       "p2ATK           0.058653  0.052606  0.075160  0.047560  0.068748  0.021524   \n",
       "p2DEF           0.069546  0.039842  0.056404  0.051702  0.076032  0.038900   \n",
       "p2SpATK         0.051498  0.072449  0.078340  0.062477  0.071541  0.016918   \n",
       "p2SpDEF         0.073804  0.061921  0.053803  0.062268  0.088148  0.046323   \n",
       "p2SPD           0.031849  0.043079  0.069908  0.039276  0.050140  0.005350   \n",
       "p1wins         -0.015783 -0.007856 -0.003602 -0.002927 -0.000945  0.006046   \n",
       "p1ATKp2DEF      0.026151  0.701829  0.214197 -0.032409 -0.106512  0.054736   \n",
       "p2ATKp1DEF      0.125054 -0.211210 -0.663163  0.065837 -0.119607  0.182854   \n",
       "p1SpATKp2SpDEF -0.014634 -0.038445 -0.069390  0.719403  0.163005  0.301479   \n",
       "p2SpATKp1SpDEF -0.146662  0.104970 -0.089140 -0.138162 -0.584324 -0.041364   \n",
       "\n",
       "                    p2HP     p2ATK     p2DEF   p2SpATK   p2SpDEF     p2SPD  \\\n",
       "p1HP            0.061307  0.058653  0.069546  0.051498  0.073804  0.031849   \n",
       "p1ATK           0.034099  0.052606  0.039842  0.072449  0.061921  0.043079   \n",
       "p1DEF           0.046848  0.075160  0.056404  0.078340  0.053803  0.069908   \n",
       "p1SpATK         0.043617  0.047560  0.051702  0.062477  0.062268  0.039276   \n",
       "p1SpDEF         0.060218  0.068748  0.076032  0.071541  0.088148  0.050140   \n",
       "p1SPD           0.033781  0.021524  0.038900  0.016918  0.046323  0.005350   \n",
       "p2HP            1.000000  0.237027 -0.063973  0.148679  0.129248  0.038884   \n",
       "p2ATK           0.237027  1.000000  0.236760  0.074440 -0.196202  0.209210   \n",
       "p2DEF          -0.063973  0.236760  1.000000 -0.066856  0.337547 -0.295162   \n",
       "p2SpATK         0.148679  0.074440 -0.066856  1.000000  0.306661  0.374716   \n",
       "p2SpDEF         0.129248 -0.196202  0.337547  0.306661  1.000000 -0.109126   \n",
       "p2SPD           0.038884  0.209210 -0.295162  0.374716 -0.109126  1.000000   \n",
       "p1wins         -0.009972 -0.010933  0.013611 -0.007001  0.014065 -0.019501   \n",
       "p1ATKp2DEF      0.070507 -0.130374 -0.683818  0.100567 -0.195425  0.241882   \n",
       "p2ATKp1DEF      0.144202  0.696515  0.137125 -0.000497 -0.185985  0.106728   \n",
       "p1SpATKp2SpDEF -0.056681  0.172822 -0.195479 -0.165765 -0.648449  0.105903   \n",
       "p2SpATKp1SpDEF  0.082274  0.016391 -0.103247  0.767638  0.192863  0.272655   \n",
       "\n",
       "                  p1wins  p1ATKp2DEF  p2ATKp1DEF  p1SpATKp2SpDEF  \\\n",
       "p1HP           -0.015783    0.026151    0.125054       -0.014634   \n",
       "p1ATK          -0.007856    0.701829   -0.211210       -0.038445   \n",
       "p1DEF          -0.003602    0.214197   -0.663163       -0.069390   \n",
       "p1SpATK        -0.002927   -0.032409    0.065837        0.719403   \n",
       "p1SpDEF        -0.000945   -0.106512   -0.119607        0.163005   \n",
       "p1SPD           0.006046    0.054736    0.182854        0.301479   \n",
       "p2HP           -0.009972    0.070507    0.144202       -0.056681   \n",
       "p2ATK          -0.010933   -0.130374    0.696515        0.172822   \n",
       "p2DEF           0.013611   -0.683818    0.137125       -0.195479   \n",
       "p2SpATK        -0.007001    0.100567   -0.000497       -0.165765   \n",
       "p2SpDEF         0.014065   -0.195425   -0.185985       -0.648449   \n",
       "p2SPD          -0.019501    0.241882    0.106728        0.105903   \n",
       "p1wins          1.000000   -0.015440   -0.005615       -0.012020   \n",
       "p1ATKp2DEF     -0.015440    1.000000   -0.251990        0.111285   \n",
       "p2ATKp1DEF     -0.005615   -0.251990    1.000000        0.179651   \n",
       "p1SpATKp2SpDEF -0.012020    0.111285    0.179651        1.000000   \n",
       "p2SpATKp1SpDEF -0.005089    0.150259    0.076446       -0.239603   \n",
       "\n",
       "                p2SpATKp1SpDEF  \n",
       "p1HP                 -0.146662  \n",
       "p1ATK                 0.104970  \n",
       "p1DEF                -0.089140  \n",
       "p1SpATK              -0.138162  \n",
       "p1SpDEF              -0.584324  \n",
       "p1SPD                -0.041364  \n",
       "p2HP                  0.082274  \n",
       "p2ATK                 0.016391  \n",
       "p2DEF                -0.103247  \n",
       "p2SpATK               0.767638  \n",
       "p2SpDEF               0.192863  \n",
       "p2SPD                 0.272655  \n",
       "p1wins               -0.005089  \n",
       "p1ATKp2DEF            0.150259  \n",
       "p2ATKp1DEF            0.076446  \n",
       "p1SpATKp2SpDEF       -0.239603  \n",
       "p2SpATKp1SpDEF        1.000000  "
      ],
      "text/html": "<div>\n<style scoped>\n    .dataframe tbody tr th:only-of-type {\n        vertical-align: middle;\n    }\n\n    .dataframe tbody tr th {\n        vertical-align: top;\n    }\n\n    .dataframe thead th {\n        text-align: right;\n    }\n</style>\n<table border=\"1\" class=\"dataframe\">\n  <thead>\n    <tr style=\"text-align: right;\">\n      <th></th>\n      <th>p1HP</th>\n      <th>p1ATK</th>\n      <th>p1DEF</th>\n      <th>p1SpATK</th>\n      <th>p1SpDEF</th>\n      <th>p1SPD</th>\n      <th>p2HP</th>\n      <th>p2ATK</th>\n      <th>p2DEF</th>\n      <th>p2SpATK</th>\n      <th>p2SpDEF</th>\n      <th>p2SPD</th>\n      <th>p1wins</th>\n      <th>p1ATKp2DEF</th>\n      <th>p2ATKp1DEF</th>\n      <th>p1SpATKp2SpDEF</th>\n      <th>p2SpATKp1SpDEF</th>\n    </tr>\n  </thead>\n  <tbody>\n    <tr>\n      <th>p1HP</th>\n      <td>1.000000</td>\n      <td>0.103708</td>\n      <td>-0.112607</td>\n      <td>0.048155</td>\n      <td>0.293467</td>\n      <td>-0.097221</td>\n      <td>0.061307</td>\n      <td>0.058653</td>\n      <td>0.069546</td>\n      <td>0.051498</td>\n      <td>0.073804</td>\n      <td>0.031849</td>\n      <td>-0.015783</td>\n      <td>0.026151</td>\n      <td>0.125054</td>\n      <td>-0.014634</td>\n      <td>-0.146662</td>\n    </tr>\n    <tr>\n      <th>p1ATK</th>\n      <td>0.103708</td>\n      <td>1.000000</td>\n      <td>0.348393</td>\n      <td>0.006094</td>\n      <td>-0.071631</td>\n      <td>0.112933</td>\n      <td>0.034099</td>\n      <td>0.052606</td>\n      <td>0.039842</td>\n      <td>0.072449</td>\n      <td>0.061921</td>\n      <td>0.043079</td>\n      <td>-0.007856</td>\n      <td>0.701829</td>\n      <td>-0.211210</td>\n      <td>-0.038445</td>\n      <td>0.104970</td>\n    </tr>\n    <tr>\n      <th>p1DEF</th>\n      <td>-0.112607</td>\n      <td>0.348393</td>\n      <td>1.000000</td>\n      <td>-0.041884</td>\n      <td>0.237931</td>\n      <td>-0.231661</td>\n      <td>0.046848</td>\n      <td>0.075160</td>\n      <td>0.056404</td>\n      <td>0.078340</td>\n      <td>0.053803</td>\n      <td>0.069908</td>\n      <td>-0.003602</td>\n      <td>0.214197</td>\n      <td>-0.663163</td>\n      <td>-0.069390</td>\n      <td>-0.089140</td>\n    </tr>\n    <tr>\n      <th>p1SpATK</th>\n      <td>0.048155</td>\n      <td>0.006094</td>\n      <td>-0.041884</td>\n      <td>1.000000</td>\n      <td>0.294140</td>\n      <td>0.437526</td>\n      <td>0.043617</td>\n      <td>0.047560</td>\n      <td>0.051702</td>\n      <td>0.062477</td>\n      <td>0.062268</td>\n      <td>0.039276</td>\n      <td>-0.002927</td>\n      <td>-0.032409</td>\n      <td>0.065837</td>\n      <td>0.719403</td>\n      <td>-0.138162</td>\n    </tr>\n    <tr>\n      <th>p1SpDEF</th>\n      <td>0.293467</td>\n      <td>-0.071631</td>\n      <td>0.237931</td>\n      <td>0.294140</td>\n      <td>1.000000</td>\n      <td>0.085800</td>\n      <td>0.060218</td>\n      <td>0.068748</td>\n      <td>0.076032</td>\n      <td>0.071541</td>\n      <td>0.088148</td>\n      <td>0.050140</td>\n      <td>-0.000945</td>\n      <td>-0.106512</td>\n      <td>-0.119607</td>\n      <td>0.163005</td>\n      <td>-0.584324</td>\n    </tr>\n    <tr>\n      <th>p1SPD</th>\n      <td>-0.097221</td>\n      <td>0.112933</td>\n      <td>-0.231661</td>\n      <td>0.437526</td>\n      <td>0.085800</td>\n      <td>1.000000</td>\n      <td>0.033781</td>\n      <td>0.021524</td>\n      <td>0.038900</td>\n      <td>0.016918</td>\n      <td>0.046323</td>\n      <td>0.005350</td>\n      <td>0.006046</td>\n      <td>0.054736</td>\n      <td>0.182854</td>\n      <td>0.301479</td>\n      <td>-0.041364</td>\n    </tr>\n    <tr>\n      <th>p2HP</th>\n      <td>0.061307</td>\n      <td>0.034099</td>\n      <td>0.046848</td>\n      <td>0.043617</td>\n      <td>0.060218</td>\n      <td>0.033781</td>\n      <td>1.000000</td>\n      <td>0.237027</td>\n      <td>-0.063973</td>\n      <td>0.148679</td>\n      <td>0.129248</td>\n      <td>0.038884</td>\n      <td>-0.009972</td>\n      <td>0.070507</td>\n      <td>0.144202</td>\n      <td>-0.056681</td>\n      <td>0.082274</td>\n    </tr>\n    <tr>\n      <th>p2ATK</th>\n      <td>0.058653</td>\n      <td>0.052606</td>\n      <td>0.075160</td>\n      <td>0.047560</td>\n      <td>0.068748</td>\n      <td>0.021524</td>\n      <td>0.237027</td>\n      <td>1.000000</td>\n      <td>0.236760</td>\n      <td>0.074440</td>\n      <td>-0.196202</td>\n      <td>0.209210</td>\n      <td>-0.010933</td>\n      <td>-0.130374</td>\n      <td>0.696515</td>\n      <td>0.172822</td>\n      <td>0.016391</td>\n    </tr>\n    <tr>\n      <th>p2DEF</th>\n      <td>0.069546</td>\n      <td>0.039842</td>\n      <td>0.056404</td>\n      <td>0.051702</td>\n      <td>0.076032</td>\n      <td>0.038900</td>\n      <td>-0.063973</td>\n      <td>0.236760</td>\n      <td>1.000000</td>\n      <td>-0.066856</td>\n      <td>0.337547</td>\n      <td>-0.295162</td>\n      <td>0.013611</td>\n      <td>-0.683818</td>\n      <td>0.137125</td>\n      <td>-0.195479</td>\n      <td>-0.103247</td>\n    </tr>\n    <tr>\n      <th>p2SpATK</th>\n      <td>0.051498</td>\n      <td>0.072449</td>\n      <td>0.078340</td>\n      <td>0.062477</td>\n      <td>0.071541</td>\n      <td>0.016918</td>\n      <td>0.148679</td>\n      <td>0.074440</td>\n      <td>-0.066856</td>\n      <td>1.000000</td>\n      <td>0.306661</td>\n      <td>0.374716</td>\n      <td>-0.007001</td>\n      <td>0.100567</td>\n      <td>-0.000497</td>\n      <td>-0.165765</td>\n      <td>0.767638</td>\n    </tr>\n    <tr>\n      <th>p2SpDEF</th>\n      <td>0.073804</td>\n      <td>0.061921</td>\n      <td>0.053803</td>\n      <td>0.062268</td>\n      <td>0.088148</td>\n      <td>0.046323</td>\n      <td>0.129248</td>\n      <td>-0.196202</td>\n      <td>0.337547</td>\n      <td>0.306661</td>\n      <td>1.000000</td>\n      <td>-0.109126</td>\n      <td>0.014065</td>\n      <td>-0.195425</td>\n      <td>-0.185985</td>\n      <td>-0.648449</td>\n      <td>0.192863</td>\n    </tr>\n    <tr>\n      <th>p2SPD</th>\n      <td>0.031849</td>\n      <td>0.043079</td>\n      <td>0.069908</td>\n      <td>0.039276</td>\n      <td>0.050140</td>\n      <td>0.005350</td>\n      <td>0.038884</td>\n      <td>0.209210</td>\n      <td>-0.295162</td>\n      <td>0.374716</td>\n      <td>-0.109126</td>\n      <td>1.000000</td>\n      <td>-0.019501</td>\n      <td>0.241882</td>\n      <td>0.106728</td>\n      <td>0.105903</td>\n      <td>0.272655</td>\n    </tr>\n    <tr>\n      <th>p1wins</th>\n      <td>-0.015783</td>\n      <td>-0.007856</td>\n      <td>-0.003602</td>\n      <td>-0.002927</td>\n      <td>-0.000945</td>\n      <td>0.006046</td>\n      <td>-0.009972</td>\n      <td>-0.010933</td>\n      <td>0.013611</td>\n      <td>-0.007001</td>\n      <td>0.014065</td>\n      <td>-0.019501</td>\n      <td>1.000000</td>\n      <td>-0.015440</td>\n      <td>-0.005615</td>\n      <td>-0.012020</td>\n      <td>-0.005089</td>\n    </tr>\n    <tr>\n      <th>p1ATKp2DEF</th>\n      <td>0.026151</td>\n      <td>0.701829</td>\n      <td>0.214197</td>\n      <td>-0.032409</td>\n      <td>-0.106512</td>\n      <td>0.054736</td>\n      <td>0.070507</td>\n      <td>-0.130374</td>\n      <td>-0.683818</td>\n      <td>0.100567</td>\n      <td>-0.195425</td>\n      <td>0.241882</td>\n      <td>-0.015440</td>\n      <td>1.000000</td>\n      <td>-0.251990</td>\n      <td>0.111285</td>\n      <td>0.150259</td>\n    </tr>\n    <tr>\n      <th>p2ATKp1DEF</th>\n      <td>0.125054</td>\n      <td>-0.211210</td>\n      <td>-0.663163</td>\n      <td>0.065837</td>\n      <td>-0.119607</td>\n      <td>0.182854</td>\n      <td>0.144202</td>\n      <td>0.696515</td>\n      <td>0.137125</td>\n      <td>-0.000497</td>\n      <td>-0.185985</td>\n      <td>0.106728</td>\n      <td>-0.005615</td>\n      <td>-0.251990</td>\n      <td>1.000000</td>\n      <td>0.179651</td>\n      <td>0.076446</td>\n    </tr>\n    <tr>\n      <th>p1SpATKp2SpDEF</th>\n      <td>-0.014634</td>\n      <td>-0.038445</td>\n      <td>-0.069390</td>\n      <td>0.719403</td>\n      <td>0.163005</td>\n      <td>0.301479</td>\n      <td>-0.056681</td>\n      <td>0.172822</td>\n      <td>-0.195479</td>\n      <td>-0.165765</td>\n      <td>-0.648449</td>\n      <td>0.105903</td>\n      <td>-0.012020</td>\n      <td>0.111285</td>\n      <td>0.179651</td>\n      <td>1.000000</td>\n      <td>-0.239603</td>\n    </tr>\n    <tr>\n      <th>p2SpATKp1SpDEF</th>\n      <td>-0.146662</td>\n      <td>0.104970</td>\n      <td>-0.089140</td>\n      <td>-0.138162</td>\n      <td>-0.584324</td>\n      <td>-0.041364</td>\n      <td>0.082274</td>\n      <td>0.016391</td>\n      <td>-0.103247</td>\n      <td>0.767638</td>\n      <td>0.192863</td>\n      <td>0.272655</td>\n      <td>-0.005089</td>\n      <td>0.150259</td>\n      <td>0.076446</td>\n      <td>-0.239603</td>\n      <td>1.000000</td>\n    </tr>\n  </tbody>\n</table>\n</div>"
     },
     "metadata": {},
     "execution_count": 90
    }
   ],
   "source": [
    "df.corr()"
   ]
  },
  {
   "source": [
    "skipped\n",
    "___"
   ],
   "cell_type": "markdown",
   "metadata": {}
  },
  {
   "source": [
    "## Feature engineering\n",
    "I m gna skip this part for now and will come back later"
   ],
   "cell_type": "markdown",
   "metadata": {}
  },
  {
   "cell_type": "code",
   "execution_count": null,
   "metadata": {},
   "outputs": [],
   "source": []
  },
  {
   "source": [
    "skipped\n",
    "___"
   ],
   "cell_type": "markdown",
   "metadata": {}
  },
  {
   "source": [
    "## Train-test-split\n",
    "1. separate X and y\n",
    "2. convert to numpy array\n",
    "3. split"
   ],
   "cell_type": "markdown",
   "metadata": {}
  },
  {
   "cell_type": "code",
   "execution_count": 49,
   "metadata": {},
   "outputs": [],
   "source": [
    "df.drop_duplicates(inplace=True)"
   ]
  },
  {
   "cell_type": "code",
   "execution_count": 72,
   "metadata": {},
